x1,x2
-0.779018897617104,1.1638688497320673
-1.3451456571998288,-2.3237067397923563
-0.528361449418959,-1.5940049473420328
-0.9041735246068033,-1.3061160374858174
-1.0194865890576623,-1.3369066157060137
0.40173550114606327,-0.1928143049024591
0.17997267734767486,-0.3678427625380525
-1.7521924254397347,0.23416111728956235
-1.3359028749391844,-0.6412103177476336
-1.843741808704828,-1.1535150219134376
0.23512604365351786,-0.4820237029151927
-0.8329351792483167,-1.156169733894865
-2.403137260063299,-0.810731314995757
-0.2016383580937513,0.14711810499765754
-1.4259968410449937,-2.3840529729760283
-1.0061799022217648,-0.3576745732244242
-0.09423857810417668,-1.4520412883459457
-0.2899180105721739,-1.07826059803797
-2.4471373749160135,-1.1562112865831113
0.5980179861102193,-0.3214402247650643
-1.0064446982551538,-1.030277999730216
-0.8297077861820776,-0.05044485290010825
-0.7624895905972227,-0.843846863544728
-3.324713009836363,-1.0681379505999464
-1.485571760966461,-1.8757189583633096
-0.999629179559229,0.5822928558922875
0.855742895605923,0.5695064110306154
-2.725207043120247,-2.8103542287055983
-3.70248416350947,-1.812235056035279
-0.6394506308967605,-0.4030648276084129
-1.0145645513434793,-1.9868401165778098
-0.8097443545996693,-1.1204757573898767
-2.1828415905809226,0.04264865519780514
-3.1171216807389404,-2.846356639414594
-0.20157447223546177,-1.0574347962021264
-1.1241554428828806,-0.4886123418272399
0.6006477690087799,-0.38262217448520264
0.16293271480972926,0.20020738094532953
-0.8675702173,-2.7305596932131695
