x1,x2
0.3204780526395855,0.4810920967175941
0.050690998539717924,0.09639950409573961
3.748469842408926,0.40393104114532663
2.2563744737000047,2.089962078413212
1.4214538238683987,1.2436290115652433
0.40806270516868903,0.9248100502877241
1.6068194066972161,0.4752684300365376
1.5739767769886504,1.6039469919976652
1.731214497045963,2.4345246446727042
0.9306961414395581,0.2123457591930884
1.4375064067388867,-0.28491359500344715
-0.4914805123339714,0.270506179915032
2.350522057815647,2.349238527916593
1.0603256819465912,0.22590984900328137
2.2332177939507103,1.188007508860428
-0.3366029706227789,0.8261009485338252
1.2105179394584789,0.3593240455807456
1.9587823118231693,2.8143585641284314
0.5358563231048884,-0.1543366356717606
2.8942394470578767,1.7131138300226736
1.3856935153792385,1.7469260035820944
1.278541133193872,-0.3708413882014687
-0.09073541585839418,2.4204478370616984
0.9071432820444831,0.5697307549781487
2.288480818489188,1.6855958831952007
-0.15347943093479555,-0.3958084820309893
2.402086592801722,0.4416231246810538
1.2145555331930589,1.516755442333652
3.1505902124453615,2.1593152191687937
0.16170513878388826,0.22758487347960044
0.37656329720339277,2.3966801711607237
-0.07800935240524565,1.2955086215076195
0.7931022029325189,0.7181386697456649
0.6386556291102805,1.7151206814878115
1.1741930965700447,1.2115602002110033
0.7829100833688373,1.8374685926658616
1.5670438226828456,2.3257122079764216
1.3464043457300656,1.535748625079652
1.4810009091434628,1.973690486415956
0.13211596882062415,3.7201914462457375
0.6471538928268151,1.909294592815249
0.8345371899939733,0.4366960819264699
1.7909781945431305,0.49772721756056326
0.16561345671367844,0.4481465682979453
1.7738298698880646,0.3595842584723993
0.2810554537743821,1.8693489464885307
-0.5415140315378255,-1.782066780579851
-0.0031710408248930566,0.5824484384247026
0.2659775236177442,0.7456232060964203
1.6799875462137979,1.4752443243105364
-0.0769278364191488,0.5510967137091716
0.5312892012924245,1.2312569747857391
-1.3546419930750981,2.311652165662947
1.864632964198214,1.0427663371109586
0.1370806545217631,0.9595731477747576
0.6727826858660542,1.331014888904645
0.2713732594487799,2.092555021183629
0.49087289918877575,1.4287127638661634
0.8442457503592136,1.4590800427895043
-0.14175582364664208,1.6052660068083666
-0.5431087587631962,2.55483216469115
1.866628515975056,-0.4955331534642984
1.6296828920361244,-0.2071185923036789
-0.09415195150275113,1.6362509748811618
-0.27942613349177403,1.4158947638416892
-0.683401356877666,0.9439971849285063
2.840995426268589,1.688228952076341
0.24959952819620934,1.3006298738689321
0.7000356662792666,-0.27110226522383907
-0.40392683694946374,2.1014103129684782
0.010637884601542802,1.0736855848863622
0.8790229998895689,-0.553299817173563
0.7962226953082742,2.036301620092005
1.6392303285777752,0.5286346909571557
0.34753557783262723,2.315941237733501
1.0903467300579621,0.5814028339444839
1.5995090946281185,1.572518350985118
1.718099178480696,1.6935058883196112
-0.32699241912588817,1.2633715669353607
1.4571584528434518,-0.5778845722731618
2.291636462674292,-1.678024367145071
1.5335451728391911,1.4171763211762216
1.2573467470180055,2.2777556273552952
-0.39744235015351514,0.49751020661770395
1.855029024416838,1.6365907030080462
1.6607069792826852,0.4620491204528969
1.8350080542813654,0.47898124634185857
-0.4485018048197491,0.6915423684652472
1.3320661951565305,0.25122385763428445
0.534460572839035,1.3686612546195185
3.0802836889394483,2.1332325822638847
2.56037182808961,1.2045558281030386
-0.8128531050724204,0.672161126142878
0.6083732019669028,0.1452798700326683
1.6490311332925252,1.842570120564179
0.7642680357802968,0.11932897784051821
-1.5461607389229113,1.5494947781336803
0.11291269931455383,0.5204827367283695
0.6266710339953478,2.1993227881190016
0.4372281503763995,1.5123157543929997
0.620802825706505,-0.037542903514220516
-0.23278858846194028,1.161068756766055
0.5473190333823652,1.3295959942475184
-0.5080581099066697,0.5658629928456065
-0.11225595678401912,1.6656944732164443
1.1043279147551126,0.14503976022732235
0.47606671612675455,0.474144852677404
1.5019681299884924,1.846351072478398
2.232654924332188,1.7531895763980332
2.29377019218972,1.3050981345972938
0.9079427964085369,0.7006117594425548
1.132549025410927,1.0262659551138051
0.8540650002775003,1.3884408669665769
0.6539059755656984,0.23800882559643488
1.7125457104850275,1.2385752032123345
1.5009885771201388,1.3828896686875998
0.478423464288939,0.8054168058626765
0.31775368236002477,1.1362476850301668
1.5059521360058854,2.168157054512
1.0232199462648075,0.42411886623041684
0.8910478662627421,0.3428178688315454
1.1979758460393262,1.4625475075167278
1.2927840176777587,1.791216969733715
0.7575469601103202,0.51976719289754
1.2145053646566324,0.46684473148893324
2.89530341880885,3.0285978562560474
0.18883234783366643,1.5791480131157167
1.9522268388115211,2.0006882733525297
0.31680856140581193,-0.4961246302754281
0.8984827359866251,2.014406689768559
2.694687032909184,0.21888168193213198
0.1944416694101444,0.39937378968427306
-0.16415618976015134,1.0506288197245943
1.4753688852626525,0.6461246246862276
0.10713055977437402,0.599864878203083
0.9501652570441884,2.296339343001619
0.3694137949669476,1.7826967462747636
0.36539019676761975,1.7182183904829191
1.8383671526199308,-0.1549733542601055
-0.2147905170904323,0.8249057101478269
1.8545895355555988,0.15673773497573285
0.8351931432922415,-0.12723405503288165
2.229499065105407,0.709936039661589
1.2183934530126357,0.3426192293333762
1.5829542459497277,-0.20653840944546786
1.02094589361651,-0.0853956382473331
2.4965875269997326,2.3405708306073807
0.6111837523915443,0.9486872743714807
1.1463524549280428,0.5816641673461737
2.1321899264073014,1.0027250571174082
0.5115473429123849,0.7530612095061975
0.1417870654311142,0.9700521044424116
1.7636963175719764,-1.458037112193487
-1.1592100000671177,0.6250027288336832
0.3928317155250258,0.579477736902626
3.8343156286561264,2.5787937908510252
1.6901777629487853,0.21391700127989055
0.6103022143217147,0.7980471129852619
1.6454521504373565,0.9800611562839172
2.186147872042808,1.6552456641111921
